0 0.027344 0.654194 0.007812 0.010323
0 0.061523 0.666452 0.007812 0.011613
0 0.169434 0.673548 0.008789 0.015484
0 0.113770 0.716774 0.008789 0.014194
0 0.207031 0.689677 0.009766 0.014194
0 0.259766 0.685161 0.005859 0.015484
0 0.312012 0.695484 0.006836 0.012903
0 0.416504 0.706452 0.006836 0.011613
0 0.481445 0.721935 0.009766 0.019355
0 0.430176 0.653548 0.008789 0.014194
0 0.483398 0.654194 0.005859 0.012903
0 0.508789 0.654839 0.005859 0.009032
0 0.560059 0.652258 0.006836 0.011613
0 0.568359 0.641935 0.005859 0.009032
0 0.591309 0.645806 0.008789 0.011613
0 0.609863 0.635484 0.004883 0.009032
0 0.576660 0.632903 0.006836 0.006452
0 0.552246 0.633548 0.006836 0.010323
0 0.523438 0.637419 0.005859 0.007742
0 0.613770 0.621935 0.004883 0.007742
0 0.652832 0.627742 0.006836 0.009032
0 0.668457 0.613548 0.004883 0.006452
0 0.686035 0.620000 0.004883 0.006452
0 0.711426 0.614839 0.006836 0.009032
0 0.700684 0.611613 0.004883 0.007742
0 0.729004 0.700645 0.006836 0.012903
0 0.829102 0.900645 0.015625 0.023226
0 0.749023 0.959355 0.019531 0.027097
0 0.703125 0.967742 0.013672 0.025806
0 0.912598 0.727742 0.006836 0.015484
0 0.936035 0.718710 0.008789 0.015484
0 0.953125 0.748387 0.009766 0.020645
0 0.887695 0.720000 0.009766 0.012903
0 0.906250 0.717419 0.009766 0.015484
0 0.818848 0.760000 0.008789 0.023226
0 0.919434 0.934194 0.014648 0.028387
0 0.889648 0.985161 0.015625 0.029677
0 0.860840 0.934194 0.016602 0.033548
0 0.903320 0.921935 0.015625 0.029677
0 0.782715 0.950968 0.014648 0.028387
0 0.780273 0.885161 0.013672 0.025806
0 0.825195 0.937419 0.013672 0.027097
0 0.952148 0.906452 0.015625 0.027097
0 0.793945 0.848387 0.009766 0.016774
0 0.741699 0.902581 0.010742 0.021935
0 0.733398 0.865161 0.009766 0.021935
0 0.978516 0.968387 0.015625 0.027097
0 0.990234 0.907742 0.013672 0.024516
0 0.850098 0.861935 0.012695 0.025806
0 0.939941 0.941290 0.012695 0.019355
0 0.933105 0.970323 0.014648 0.028387
0 0.723633 0.946452 0.017578 0.029677