0 0.328613 0.495320 0.004883 0.010920
0 0.387207 0.547582 0.004883 0.015601
0 0.374023 0.545242 0.003906 0.010920
0 0.255371 0.558502 0.004883 0.009360
0 0.289551 0.549922 0.004883 0.010920
0 0.339355 0.545242 0.004883 0.010920
0 0.256836 0.585803 0.005859 0.010920
0 0.261230 0.605304 0.004883 0.012480
0 0.303223 0.591264 0.006836 0.012480
0 0.328613 0.596724 0.004883 0.014041
0 0.349609 0.595164 0.003906 0.010920
0 0.172852 0.585023 0.007812 0.015601
0 0.259766 0.637285 0.005859 0.010920
0 0.277832 0.635725 0.004883 0.014041
0 0.276855 0.679407 0.006836 0.014041
0 0.260254 0.678627 0.004883 0.012480
0 0.238770 0.680187 0.004883 0.012480
0 0.218262 0.677847 0.006836 0.014041
0 0.199219 0.681747 0.007812 0.015601
0 0.178223 0.682527 0.006836 0.014041
0 0.166504 0.691108 0.004883 0.015601
0 0.179688 0.715289 0.007812 0.017161
0 0.254883 0.697348 0.007812 0.015601
0 0.266602 0.716849 0.007812 0.017161
0 0.128906 0.691108 0.005859 0.015601
0 0.314453 0.676287 0.005859 0.014041
0 0.336914 0.677067 0.005859 0.012480
0 0.371582 0.676287 0.006836 0.010920
0 0.384277 0.698908 0.006836 0.015601
0 0.358887 0.722309 0.004883 0.012480
0 0.404785 0.723869 0.006836 0.012480
0 0.417969 0.794852 0.009766 0.017161
0 0.441895 0.715289 0.006836 0.014041
0 0.465820 0.713729 0.005859 0.017161
0 0.461914 0.805772 0.007812 0.017161
0 0.337402 0.605304 0.006836 0.012480
0 0.435059 0.588924 0.004883 0.010920
0 0.443359 0.608424 0.003906 0.012480
0 0.368652 0.591264 0.004883 0.012480
0 0.359375 0.609204 0.003906 0.010920
0 0.416016 0.607644 0.005859 0.010920
0 0.318359 0.639626 0.005859 0.012480
0 0.340332 0.638066 0.004883 0.012480
0 0.377441 0.639626 0.006836 0.012480
0 0.395996 0.640406 0.004883 0.010920
0 0.415527 0.641966 0.004883 0.014041
0 0.437012 0.642746 0.004883 0.012480
0 0.508301 0.804212 0.008789 0.020281
0 0.558105 0.803432 0.008789 0.018721
0 0.543457 0.716849 0.004883 0.014041
0 0.500488 0.526521 0.004883 0.010920
0 0.502441 0.501560 0.004883 0.007800
0 0.542480 0.498440 0.004883 0.010920
0 0.562988 0.502340 0.004883 0.009360
0 0.526855 0.587363 0.004883 0.010920
0 0.549805 0.594384 0.003906 0.009360
0 0.571289 0.593604 0.005859 0.010920
0 0.468262 0.611544 0.004883 0.012480
0 0.492676 0.608424 0.004883 0.009360
0 0.518555 0.608424 0.005859 0.012480
0 0.566406 0.613885 0.005859 0.014041
0 0.475098 0.644306 0.006836 0.012480
0 0.497559 0.645086 0.004883 0.014041
0 0.575195 0.649766 0.005859 0.014041
0 0.489746 0.670047 0.006836 0.014041
0 0.511230 0.673167 0.004883 0.010920
0 0.530762 0.675507 0.004883 0.012480
0 0.552246 0.670827 0.004883 0.012480
0 0.572266 0.674727 0.005859 0.014041
0 0.540039 0.529641 0.003906 0.007800
0 0.588867 0.500780 0.003906 0.009360
0 0.612793 0.502340 0.002930 0.009360
0 0.658691 0.502340 0.002930 0.009360
0 0.679199 0.498440 0.002930 0.007800
0 0.558105 0.528861 0.002930 0.006240
0 0.579102 0.524181 0.003906 0.009360
0 0.604980 0.537441 0.004883 0.007800
0 0.684570 0.560062 0.003906 0.009360
0 0.702637 0.560842 0.004883 0.010920
0 0.721191 0.560062 0.004883 0.012480
0 0.605957 0.578003 0.002930 0.010920
0 0.626465 0.578783 0.002930 0.009360
0 0.647949 0.584243 0.004883 0.010920
0 0.709961 0.590484 0.005859 0.010920
0 0.660156 0.617785 0.003906 0.012480
0 0.729004 0.592044 0.004883 0.014041
0 0.738770 0.620125 0.002930 0.010920
0 0.712891 0.619345 0.003906 0.012480
0 0.592285 0.646646 0.004883 0.010920
0 0.609863 0.650546 0.004883 0.012480
0 0.627441 0.647426 0.004883 0.012480
0 0.647949 0.648986 0.004883 0.012480
0 0.683105 0.647426 0.004883 0.012480
0 0.706543 0.650546 0.004883 0.012480
0 0.723633 0.648986 0.003906 0.009360
0 0.743164 0.652106 0.005859 0.012480
0 0.764648 0.650546 0.003906 0.009360
0 0.794434 0.588144 0.006836 0.012480
0 0.584473 0.698128 0.006836 0.014041
0 0.592773 0.674727 0.005859 0.014041
0 0.614746 0.679407 0.004883 0.014041
0 0.636719 0.677067 0.007812 0.015601
0 0.657227 0.678627 0.005859 0.015601
0 0.678223 0.678627 0.004883 0.012480
0 0.699219 0.676287 0.005859 0.014041
0 0.720703 0.681747 0.005859 0.012480
0 0.738770 0.679407 0.004883 0.014041
0 0.759277 0.681747 0.006836 0.012480
0 0.776855 0.681747 0.004883 0.012480
0 0.801270 0.680187 0.006836 0.012480
0 0.618652 0.695788 0.004883 0.012480
0 0.610352 0.722309 0.005859 0.012480
0 0.641602 0.721529 0.007812 0.017161
0 0.650879 0.698908 0.006836 0.015601
0 0.678711 0.719189 0.005859 0.015601
0 0.691895 0.698908 0.006836 0.015601
0 0.724609 0.717629 0.005859 0.015601
0 0.732422 0.698908 0.005859 0.018721
0 0.772461 0.695788 0.005859 0.015601
0 0.762695 0.718409 0.005859 0.014041
0 0.815918 0.693448 0.006836 0.017161
0 0.807617 0.714509 0.005859 0.015601
0 0.633789 0.737910 0.005859 0.015601
0 0.298340 0.638846 0.004883 0.014041
0 0.841309 0.715289 0.006836 0.017161
0 0.850586 0.692668 0.007812 0.015601