0 0.882324 0.524740 0.012695 0.028646
0 0.751465 0.557943 0.012695 0.022135
0 0.648926 0.573568 0.010742 0.024740
0 0.885742 0.414714 0.011719 0.014323
0 0.795410 0.399089 0.008789 0.016927
0 0.784180 0.373047 0.007812 0.011719
0 0.828613 0.359375 0.008789 0.013021
0 0.904297 0.357422 0.011719 0.019531
0 0.907715 0.340495 0.008789 0.011719
0 0.930176 0.280599 0.008789 0.011719
0 0.953613 0.238932 0.006836 0.014323
0 0.418945 0.411458 0.015625 0.020833
0 0.360352 0.560547 0.013672 0.024740
0 0.245117 0.530599 0.013672 0.022135
0 0.036621 0.380859 0.008789 0.011719
0 0.144531 0.367839 0.009766 0.014323
0 0.230957 0.356120 0.010742 0.011719
0 0.278320 0.352214 0.007812 0.011719
0 0.229004 0.333984 0.006836 0.011719
0 0.284180 0.336589 0.005859 0.009115
0 0.169434 0.332031 0.008789 0.010417
0 0.070801 0.332682 0.006836 0.011719
0 0.278320 0.216146 0.005859 0.010417
0 0.651367 0.192708 0.005859 0.010417
0 0.710449 0.195312 0.004883 0.007812