0 0.010742 0.203125 0.007812 0.010417
0 0.281250 0.291016 0.007812 0.009115
0 0.240723 0.229167 0.006836 0.010417
0 0.172852 0.212240 0.005859 0.010417
0 0.157715 0.203125 0.006836 0.010417
0 0.325195 0.285156 0.007812 0.010417
0 0.235840 0.347005 0.016602 0.022135
0 0.615723 0.269531 0.010742 0.018229
0 0.666992 0.259115 0.009766 0.015625
0 0.687012 0.244792 0.016602 0.023438
0 0.760742 0.244141 0.013672 0.019531
0 0.889648 0.214844 0.017578 0.028646
0 0.098633 0.138021 0.005859 0.007812
0 0.414062 0.401042 0.060547 0.072917
0 0.173828 0.351562 0.027344 0.036458