0 0.805664 0.551432 0.005859 0.009115
0 0.780273 0.484375 0.009766 0.015625
0 0.764648 0.462240 0.005859 0.013021
0 0.754395 0.410156 0.006836 0.010417
0 0.656250 0.369141 0.007812 0.011719
0 0.810547 0.351562 0.007812 0.013021
0 0.850098 0.376953 0.006836 0.011719
0 0.886719 0.655599 0.011719 0.016927
0 0.117188 0.913411 0.015625 0.022135
0 0.188965 0.244792 0.004883 0.007812
0 0.170410 0.241536 0.004883 0.006510
0 0.178711 0.243490 0.005859 0.007812
0 0.034668 0.175130 0.004883 0.006510
0 0.086914 0.190755 0.003906 0.006510
0 0.564453 0.212240 0.003906 0.007812
0 0.597656 0.279297 0.003906 0.009115
0 0.604492 0.272135 0.005859 0.007812
0 0.969238 0.313802 0.006836 0.010417
0 0.817383 0.298828 0.003906 0.009115
0 0.843262 0.275391 0.004883 0.009115
0 0.821289 0.274089 0.005859 0.009115