0 0.818848 0.389009 0.024414 0.066810
0 0.693848 0.379310 0.022461 0.056034
0 0.596680 0.352371 0.023438 0.053879
0 0.777344 0.376078 0.011719 0.028017
0 0.726074 0.392241 0.010742 0.030172
0 0.491211 0.390086 0.015625 0.038793
0 0.543457 0.354526 0.008789 0.028017
0 0.423828 0.345905 0.015625 0.040948
0 0.352051 0.341595 0.014648 0.040948
0 0.267578 0.295259 0.015625 0.043103
0 0.103516 0.327586 0.013672 0.034483
0 0.146973 0.317888 0.010742 0.028017
0 0.953125 0.320043 0.005859 0.023707
0 0.179688 0.359914 0.011719 0.034483
0 0.023438 0.325431 0.005859 0.021552
0 0.075684 0.324353 0.008789 0.023707
0 0.051758 0.312500 0.007812 0.021552
0 0.692383 0.336207 0.007812 0.025862
0 0.661621 0.279095 0.006836 0.023707