0 0.256836 0.709201 0.007812 0.008681
0 0.453613 0.684028 0.006836 0.017361
0 0.496094 0.732639 0.005859 0.013889
0 0.516113 0.680556 0.004883 0.013889
0 0.535156 0.631944 0.003906 0.013889
0 0.638184 0.647569 0.004883 0.010417
0 0.679199 0.637153 0.004883 0.013889
0 0.677246 0.739583 0.006836 0.010417
0 0.768555 0.624132 0.005859 0.012153
0 0.221191 0.618056 0.004883 0.010417
0 0.252930 0.622396 0.005859 0.008681
0 0.378418 0.623264 0.004883 0.010417
0 0.461914 0.636285 0.003906 0.008681
0 0.437500 0.573785 0.005859 0.012153
0 0.784180 0.635417 0.003906 0.006944
0 0.975098 0.638889 0.004883 0.010417
0 0.102051 0.625868 0.002930 0.008681
0 0.121582 0.631076 0.004883 0.008681