0 0.255371 0.507864 0.014648 0.027523
0 0.664062 0.685452 0.015625 0.026212
0 0.717773 0.496068 0.015625 0.022280
0 0.345215 0.433814 0.010742 0.015727
0 0.412598 0.422674 0.008789 0.014417
0 0.401855 0.384666 0.008789 0.014417
0 0.322754 0.417431 0.008789 0.014417
0 0.299805 0.404325 0.007812 0.011796
0 0.309082 0.422674 0.006836 0.011796
0 0.302734 0.431848 0.009766 0.014417
0 0.269043 0.429227 0.006836 0.011796
0 0.183105 0.461337 0.008789 0.013106
0 0.135742 0.441022 0.007812 0.011796
0 0.129883 0.479685 0.009766 0.013106
0 0.089355 0.484928 0.006836 0.010485
0 0.105957 0.482307 0.006836 0.013106
0 0.085938 0.445609 0.007812 0.007864
0 0.112305 0.436435 0.007812 0.010485
0 0.157715 0.395151 0.006836 0.011796
0 0.174805 0.403014 0.005859 0.011796
0 0.425293 0.427916 0.006836 0.014417
0 0.663086 0.654653 0.015625 0.022280