0 0.345215 0.442466 0.032227 0.054795
0 0.481445 0.483562 0.027344 0.054795
0 0.180176 0.421918 0.012695 0.019178
0 0.258789 0.410959 0.011719 0.019178
0 0.276855 0.406164 0.006836 0.015068
0 0.316406 0.423288 0.009766 0.013699
0 0.376465 0.427397 0.010742 0.019178
0 0.432617 0.425342 0.011719 0.017808
0 0.364258 0.433562 0.005859 0.015068
0 0.533691 0.429452 0.006836 0.009589
0 0.549316 0.444521 0.008789 0.012329
0 0.606445 0.421233 0.009766 0.015068
0 0.663574 0.450685 0.008789 0.013699
0 0.687012 0.445890 0.004883 0.006849